Address:   1301 Lombard St, Philadelphia, PA 19147, US
Latitude:  39.944401
Longitude: -75.163136
